item1	Blood_Total_T_cells	Blood_Total_B_cells	Blood_CD4_T_cells	Blood_CD8_T_cells	Blood_CD4_T_cells_CD44lo_CD62Lhi	Blood_CD4_T_cells_CD44hi_CD62Lhi	Blood_CD4_T_cells_CD44hi_CD62Llo	Blood_CD4_T_cells_CD44lo_CD62Llo	Blood_CD8_T_cells_CD44lo_CD62Lhi	Blood_CD8_T_cells_CD44hi_CD62Lhi	Blood_CD8_T_cells_CD44hi_CD62Llo	Blood_CD8_T_cells_CD44lo_CD62Llo	Blood_Total_myeloid_CD11b_CD11c	Blood_CD4_T_cells_CD25.	Blood_Total_immune_cells_CD45.	MLN_Total_T_cells	MLN_Total_B_cells	MLN_CD4_T_cells	MLN_CD8_T_cells	MLN_CD4_T_cells_CD44lo_CD62Lhi	MLN_CD4_T_cells_CD44hi_CD62Lhi	MLN_CD4_T_cells_CD44hi_CD62Llo	MLN_CD4_T_cells_CD44lo_CD62Llo	MLN_CD8_T_cells_CD44lo_CD62Lhi	MLN_CD8_T_cells_CD44hi_CD62Lhi	MLN_CD8_T_cells_CD44hi_CD62Llo	MLN_CD8_T_cells_CD44lo_CD62Llo	MLN_Total_myeloid_CD11b_CD11c	MLN_CD4_T_cells_CD25.	MLN_Total_immune_cells_CD45.	MLN_Eosinphils	MLN_Neutrophils	MLN_Ly6C_Monocyte	MLN_CD11c_MHCII	MLN_CD103_CD11c_MHCII_DC	MLN_CD103neg_CD11c_MHCII_DC
Blood_Total_T_cells	0.739349471990963	0.145453806705084	0.731281186929483	0.71591652813779	0.29916016478688	0.329878398233916	-0.264147175420893	-0.248279199006529	-0.139480556696491	0.417499875143163	-0.0396328700336667	-0.227285547073545	-0.0464560063408562	0.675042847575518	-0.140617102293243	0.455410520269327	-0.420694618012323	0.436433443011188	0.464961847583754	0.0477066556278324	0.528939194404758	0.18553521149808	-0.164995604626979	0.215945746509014	0.572083168854209	0.0604358992006357	-0.314391852928233	-0.167214021151477	0.304871214517871	-0.114882092044922	0.0740107713780156	0.442506071854027	-0.112408436600017	-0.300534236066409	-0.143798194614209	-0.28683676271569
Blood_Total_B_cells	0.145453806705084	0.0385272966315869	0.139923352187065	0.113319172472432	0.0734856022038816	0.00571716408845319	-0.0275826902863189	-0.0690228107026782	0.0236941734775102	0.0149324722544531	-0.0160956643209365	-0.0447529963591716	-0.0722623735072379	0.123658649283133	-0.0735968279131112	0.0118353160179573	-0.0278524433354493	0.00840465904188376	0.0141834007492643	0.099148215016236	0.154733008154625	-0.0269538206828566	-0.118008280241211	0.128024908568493	0.163016849674418	-0.0553989433540572	-0.142254995127765	0.0168621633653622	0.0395237624741636	0.0180763921453187	0.00200004484422133	0.0682325768240432	-0.0305118077973981	-0.00313968089278604	-0.00197754862110625	0.000128326105522767
Blood_CD4_T_cells	0.731281186929483	0.139923352187065	0.72486962908785	0.719053882861648	0.290074906712123	0.34982190458084	-0.270964955146074	-0.237542413552874	-0.158300916105462	0.439678790978139	-0.0358989944171826	-0.22478988708834	-0.0208372805553866	0.67131400345607	-0.120809425341213	0.481374908274942	-0.437948845834167	0.462484483278518	0.490635413492514	0.0114763609296883	0.50300790649377	0.208754199930526	-0.129161974078712	0.179558859206079	0.545762206473698	0.0865453359642314	-0.278974440582205	-0.185184351249912	0.309681402638262	-0.129810817154171	0.0781998712012536	0.44516520138617	-0.107841059541634	-0.319526740147617	-0.15269655697216	-0.306206804341754
Blood_CD8_T_cells	0.71591652813779	0.113319172472432	0.719053882861648	0.769660454686162	0.249048686573291	0.483763912194901	-0.323486918754011	-0.184376302020802	-0.277057185563825	0.590886729392385	-0.0153320283958972	-0.219974703583595	0.130305030407655	0.67904030305572	-0.00860746700633438	0.656907530244593	-0.559847579597296	0.63769121064351	0.664853665653832	-0.203071108332479	0.371457326151926	0.355864286590333	0.0777962705485716	-0.0284417752696988	0.413800293882413	0.245376840768351	-0.0811505002015081	-0.300090747226632	0.352008700572163	-0.224199646171402	0.106544126810474	0.480750466851788	-0.0855265449175137	-0.4464761963154	-0.212307962479966	-0.434804796671473
Blood_CD4_T_cells_CD44lo_CD62Lhi	0.29916016478688	0.0734856022038816	0.290074906712123	0.249048686573291	0.142645553299237	0.0461193504371116	-0.0708875982859415	-0.130246061887494	0.019043612816549	0.0697308236816239	-0.0282863099378261	-0.0920226995876906	-0.111974993412653	0.259642328464879	-0.124700291103926	0.0694893320990495	-0.0891672863547469	0.0622575989224011	0.0740464006054001	0.15180482207243	0.288823530527848	-0.0185947195151396	-0.193041943959179	0.213647517373095	0.30597963403016	-0.0748727561489551	-0.245897885220844	0.00579085229580538	0.0931658315318177	0.0135607806311275	0.011406141548489	0.151264973048583	-0.0578791263662789	-0.0389628405393706	-0.0193443429457075	-0.0325742579763117
Blood_CD4_T_cells_CD44hi_CD62Lhi	0.329878398233916	0.00571716408845319	0.34982190458084	0.483763912194901	0.0461193504371116	0.50053101386811	-0.263441914267463	0.00970253916830733	-0.367540165095794	0.587526111396346	0.0318651568190448	-0.101178258932123	0.356159628654983	0.355782219129131	0.211511078017037	0.667463748976913	-0.515563143327545	0.657189085417461	0.668924864040443	-0.514659311910621	-0.0665573689804611	0.461647781630548	0.437164974284873	-0.414391141956735	-0.04608984593441	0.428723722723106	0.339793135527284	-0.371698778368092	0.258151059137735	-0.294129044049331	0.108014910687377	0.309818290455683	-1.51945990456009e-05	-0.468359369196272	-0.221260569438151	-0.465670748150693
Blood_CD4_T_cells_CD44hi_CD62Llo	-0.264147175420893	-0.0275826902863189	-0.270964955146074	-0.323486918754011	-0.0708875982859415	-0.263441914267463	0.154356255129179	0.0390632173578021	0.175624969179599	-0.314482448440353	-0.00625526236284651	0.0811072276417668	-0.13868763993431	-0.263666901401066	-0.0627585245837146	-0.353993460044274	0.285386363641381	-0.346468762898633	-0.356252024209831	0.203775748356242	-0.064314790034746	-0.222386768020052	-0.151504271824135	0.133284349172174	-0.0802305874095782	-0.187124523794545	-0.0854742690155784	0.182148415660303	-0.159239382210411	0.141111839703804	-0.057340511635735	-0.204398315930535	0.0195020681958219	0.245097187517393	0.11610370956765	0.241613770428869
Blood_CD4_T_cells_CD44lo_CD62Llo	-0.248279199006529	-0.0690228107026782	-0.237542413552874	-0.184376302020802	-0.130246061887494	0.00970253916830733	0.0390632173578021	0.124452553596115	-0.0572596653297263	-0.0033891057739878	0.0302031127589928	0.0764028510277374	0.144104474636944	-0.208069462878825	0.140729395450391	0.0053686270234281	0.0294845769516777	0.0111249555831295	0.00120637549424795	-0.198757088460952	-0.280782004740556	0.0668750678123362	0.229563959249462	-0.246659354429518	-0.294854853854287	0.116689669553116	0.269259663255573	-0.045145439295405	-0.0607379223717907	-0.0442317350783531	0.000716466689805462	-0.110278357149115	0.054842940644386	-0.0130513019493677	-0.00527714350850346	-0.0188180743789522
Blood_CD8_T_cells_CD44lo_CD62Lhi	-0.139480556696491	0.0236941734775102	-0.158300916105462	-0.277057185563825	0.0190436128165489	-0.367540165095794	0.175624969179599	-0.0572596653297263	0.290112156673247	-0.425458453410254	-0.0353349778896228	0.0426788638990043	-0.316882374059826	-0.174521964149434	-0.210436444148317	-0.487064874301917	0.362650476181858	-0.481922957410576	-0.48644706482906	0.454079033139887	0.161635397564181	-0.362358810751285	-0.410210145296317	0.400562635492614	0.152443914268781	-0.358538084795105	-0.355486897544607	0.288245763468793	-0.163036508672004	0.231524286453018	-0.0787597037687215	-0.180584383195361	-0.0221156034777888	0.345519191804796	0.162870404554369	0.345892594572315
Blood_CD8_T_cells_CD44hi_CD62Lhi	0.417499875143163	0.0149324722544531	0.439678790978139	0.590886729392385	0.0697308236816239	0.587526111396346	-0.314482448440353	-0.00338910577398781	-0.425458453410254	0.691398900455834	0.0338850895658781	-0.128082967321465	0.401745767898445	0.443183747192033	0.232024410068425	0.784372923524196	-0.609865842339071	0.771604215532969	0.786586347527458	-0.581659475493388	-0.0448871897104043	0.534995945657369	0.486853872012077	-0.458036270942788	-0.0191415166871812	0.490349460998086	0.367613029453036	-0.431790113262068	0.310837453909681	-0.340668165491778	0.126952307343602	0.377495382701174	-0.00654000016642595	-0.54929044237203	-0.259599386437084	-0.545442519535667
Blood_CD8_T_cells_CD44hi_CD62Llo	-0.0396328700336666	-0.0160956643209365	-0.0358989944171826	-0.0153320283958972	-0.0282863099378261	0.0318651568190448	-0.00625526236284652	0.0302031127589928	-0.0353349778896228	0.0338850895658781	0.00907244725750682	0.0122159916038598	0.0553393723059672	-0.0285300049953376	0.0459946751012422	0.0406902907590834	-0.023422929497648	0.0414540885270208	0.0397855992143582	-0.0777103220057434	-0.0707798426184699	0.0431810794490456	0.0804691034231663	-0.0831945097483099	-0.0729218100533906	0.053097069697369	0.0841704587331867	-0.0326963265913413	0.000782442895011247	-0.0278984845099692	0.00654859625546871	-0.00796153392669071	0.0130563469879937	-0.0307627876514223	-0.0143213015656706	-0.0319770092310909
Blood_CD8_T_cells_CD44lo_CD62Llo	-0.227285547073545	-0.0447529963591716	-0.22478988708834	-0.219974703583595	-0.0920226995876906	-0.101178258932123	0.0811072276417668	0.0764028510277373	0.0426788638990043	-0.128082967321465	0.0122159916038598	0.0698706540548184	0.0145271450185947	-0.207481231537156	0.0434064939827114	-0.139696056657448	0.12911296839912	-0.133863438470948	-0.142634085320212	-0.0150154176779982	-0.162800178072265	-0.0567886502621024	0.0510551283770984	-0.0667178310963969	-0.176062396523711	-0.0183165708049483	0.0969614127909533	0.051209849582655	-0.0936416330240938	0.0351577271615987	-0.0227029206577778	-0.135958718155062	0.0345885229657689	0.092169937361292	0.0441028861436146	0.0879569238251394
Blood_Total_myeloid_CD11b_CD11c	-0.0464560063408562	-0.072262373507238	-0.0208372805553866	0.130305030407655	-0.111974993412653	0.356159628654983	-0.13868763993431	0.144104474636944	-0.316882374059826	0.401745767898445	0.0553393723059673	0.0145271450185948	0.404913390375218	0.0158174041445207	0.301356156395819	0.466585037259476	-0.323267695260356	0.465849430645911	0.462997896989923	-0.574645702706645	-0.355946934124237	0.392448165794093	0.555176012968232	-0.558333438070807	-0.357358888820462	0.424725600002109	0.531801812211977	-0.306377161077113	0.111105039077346	-0.25183272443029	0.0753387437242562	0.0920661217846222	0.060541645846662	-0.337653381705569	-0.158531941751421	-0.342164897814422
Blood_CD4_T_cells_CD25+	0.675042847575518	0.123658649283133	0.67131400345607	0.67904030305572	0.259642328464879	0.35578221912913	-0.263666901401066	-0.208069462878825	-0.174521964149434	0.443183747192033	-0.0285300049953377	-0.207481231537156	0.0158174041445208	0.624765025628173	-0.0860121446960018	0.487534689543951	-0.434761387576059	0.469928897047682	0.49582257280058	-0.0392515235813707	0.436185554657868	0.227936540390708	-0.0717238935504533	0.118248896997971	0.475765146210281	0.117255067449406	-0.21287185255843	-0.198573896147403	0.297223938357237	-0.142416037341891	0.0791607133037514	0.421382475471725	-0.0948845566923359	-0.326042431127557	-0.155564766732015	-0.314065188788637
Blood_Total_immune_cells_CD45+	-0.140617102293243	-0.0735968279131112	-0.120809425341213	-0.00860746700633436	-0.124700291103926	0.211511078017037	-0.0627585245837146	0.140729395450391	-0.210436444148317	0.232024410068425	0.0459946751012422	0.0434064939827114	0.301356156395819	-0.0860121446960018	0.239603558983057	0.273729356674038	-0.174456456645827	0.275935654513441	0.269739229081738	-0.425046544590551	-0.335427915903343	0.258770248748704	0.427823459959491	-0.437481696740022	-0.342688279143195	0.300330523150426	0.432397641495142	-0.198785482289425	0.0368040781659005	-0.16665522607663	0.0441298251504007	0.003066137598291	0.0602939681310965	-0.20228386284001	-0.0945852671386157	-0.207545619439323
MLN_Total_T_cells	0.455410520269327	0.0118353160179573	0.481374908274942	0.656907530244593	0.0694893320990494	0.667463748976912	-0.353993460044274	0.0053686270234281	-0.487064874301917	0.784372923524196	0.0406902907590833	-0.139696056657448	0.466585037259476	0.487534689543951	0.273729356674038	0.890531563490689	-0.689914175003389	0.876467392798486	0.892735254101327	-0.674804042066808	-0.0717291998740009	0.612083826816528	0.56949629855159	-0.538058843976731	-0.0435540825392084	0.565105789115891	0.437116729966973	-0.493353304894241	0.348252155296107	-0.389877252099356	0.144123004810768	0.420229856032397	-0.00336114722342057	-0.624320511880092	-0.294993270100378	-0.620380736120884
MLN_Total_B_cells	-0.420694618012323	-0.0278524433354493	-0.437948845834167	-0.559847579597296	-0.0891672863547469	-0.515563143327545	0.285386363641381	0.0294845769516777	0.362650476181858	-0.609865842339071	-0.023422929497648	0.12911296839912	-0.323267695260356	-0.434761387576059	-0.174456456645827	-0.689914175003389	0.543588943800963	-0.677438892604343	-0.692750505623404	0.470140607804021	-0.0202375946333603	-0.457109130740538	-0.380054426473434	0.351025228291144	-0.0459167612649342	-0.407167553124857	-0.266547402382675	0.370808251533074	-0.286790026836616	0.290721490517915	-0.111696433531342	-0.356066004507067	0.0174392066903767	0.481163288770877	0.227591624170508	0.476545275593139
MLN_CD4_T_cells	0.436433443011188	0.00840465904188375	0.462484483278518	0.63769121064351	0.0622575989224011	0.657189085417461	-0.346468762898633	0.0111249555831295	-0.481922957410576	0.771604215532969	0.0414540885270208	-0.133863438470948	0.465849430645911	0.469928897047682	0.275935654513441	0.876467392798486	-0.677438892604344	0.862899558641664	0.878440252909298	-0.67328686001219	-0.0837578634418154	0.605383513068494	0.571118327120838	-0.540988834053271	-0.0566963636747946	0.561499325981287	0.442730477812866	-0.487541572273286	0.33980219998806	-0.385686107968284	0.141839715153339	0.408297026069631	-0.000732419102533171	-0.614896633497316	-0.290498694559973	-0.611290924526888
MLN_CD8_T_cells	0.464961847583754	0.0141834007492643	0.490635413492514	0.664853665653832	0.0740464006054001	0.668924864040443	-0.356252024209831	0.00120637549424796	-0.48644706482906	0.786586347527458	0.0397855992143582	-0.142634085320212	0.462997896989923	0.49582257280058	0.269739229081738	0.892735254101327	-0.692750505623404	0.878440252909298	0.895084528762599	-0.669940143119987	-0.0624981785646457	0.611477987709624	0.563316624223241	-0.531221294023403	-0.0337753550733895	0.562702418557021	0.4292505028698	-0.493158881852266	0.351222752824354	-0.389436498170399	0.144484762696763	0.425055705510158	-0.00521067159518476	-0.625553752582589	-0.295605836055235	-0.621409897792971
MLN_CD4_T_cells_CD44lo_CD62Lhi	0.0477066556278324	0.099148215016236	0.0114763609296883	-0.203071108332479	0.15180482207243	-0.514659311910622	0.203775748356242	-0.198757088460952	0.454079033139887	-0.581659475493388	-0.0777103220057435	-0.0150154176779982	-0.574645702706645	-0.0392515235813707	-0.425046544590551	-0.674804042066808	0.470140607804021	-0.67328686001219	-0.669940143119987	0.815979109488507	0.493035739948499	-0.562679221512366	-0.785380794567131	0.788605853420867	0.4939724842592	-0.605472972903214	-0.74843304762307	0.439828818654147	-0.16556348008227	0.360965789366574	-0.108971361348371	-0.14190650712899	-0.0833013761225019	0.487614370002883	0.229007143690297	0.49368982646388
MLN_CD4_T_cells_CD44hi_CD62Lhi	0.528939194404758	0.154733008154625	0.50300790649377	0.371457326151926	0.288823530527848	-0.0665573689804611	-0.064314790034746	-0.280782004740556	0.161635397564181	-0.0448871897104044	-0.07077984261847	-0.162800178072265	-0.355946934124237	0.436185554657868	-0.335427915903343	-0.0717291998740009	-0.0202375946333602	-0.0837578634418154	-0.0624981785646457	0.493035739948499	0.6374747574101	-0.191672886941966	-0.555399584611127	0.591814619925097	0.667297700613549	-0.30077178088937	-0.63597937673981	0.134760128061493	0.113537735645561	0.125772295251789	-0.0112652351515705	0.22034481975119	-0.123349692539916	0.0712139777663327	0.0316442447330609	0.0839441302427381
MLN_CD4_T_cells_CD44hi_CD62Llo	0.18553521149808	-0.0269538206828566	0.208754199930526	0.355864286590333	-0.0185947195151396	0.461647781630548	-0.222386768020052	0.0668750678123362	-0.362358810751285	0.534995945657369	0.0431810794490456	-0.0567886502621023	0.392448165794093	0.227936540390708	0.258770248748704	0.612083826816528	-0.457109130740538	0.605383513068494	0.611477987709624	-0.562679221512366	-0.191672886941966	0.452787654170297	0.506265916572585	-0.493436103396266	-0.179540410693617	0.445940000072029	0.435842445867958	-0.360509705597448	0.207451007162379	-0.289240900508661	0.0989818298121738	0.231544227620964	0.0255513255368134	-0.43382710112757	-0.204532786850997	-0.434059835960314
MLN_CD4_T_cells_CD44lo_CD62Llo	-0.164995604626979	-0.118008280241211	-0.129161974078712	0.0777962705485717	-0.193041943959179	0.437164974284873	-0.151504271824135	0.229563959249462	-0.410210145296318	0.486853872012077	0.0804691034231663	0.0510551283770985	0.555176012968232	-0.0717238935504533	0.427823459959491	0.56949629855159	-0.380054426473435	0.571118327120838	0.563316624223242	-0.785380794567131	-0.555399584611127	0.506265916572585	0.775180914405927	-0.786491538568784	-0.563267328631908	0.567274963304062	0.7641204220471	-0.392145389578353	0.108502347323541	-0.32544542331276	0.091889920463301	0.0637049996766983	0.0975631002522964	-0.416133814885019	-0.195007556023975	-0.424138460316636
MLN_CD8_T_cells_CD44lo_CD62Lhi	0.215945746509014	0.128024908568493	0.179558859206079	-0.0284417752696988	0.213647517373095	-0.414391141956735	0.133284349172174	-0.246659354429518	0.400562635492614	-0.458036270942788	-0.0831945097483099	-0.0667178310963969	-0.558333438070807	0.118248896997971	-0.437481696740022	-0.538058843976731	0.351025228291144	-0.540988834053271	-0.531221294023403	0.788605853420867	0.591814619925097	-0.493436103396266	-0.786491538568784	0.801313249991283	0.602655648862407	-0.56306333941806	-0.785729841229224	0.380587666023236	-0.0874787809494827	0.317500327934854	-0.0867809344913557	-0.0331978592672208	-0.105303556548368	0.395384376293598	0.185079794122744	0.404332544485533
MLN_CD8_T_cells_CD44hi_CD62Lhi	0.572083168854209	0.163016849674418	0.545762206473698	0.413800293882413	0.30597963403016	-0.0460898459344101	-0.0802305874095782	-0.294854853854287	0.152443914268781	-0.0191415166871812	-0.0729218100533907	-0.176062396523711	-0.357358888820462	0.475765146210281	-0.342688279143195	-0.0435540825392085	-0.0459167612649341	-0.0566963636747947	-0.0337753550733895	0.4939724842592	0.667297700613549	-0.179540410693617	-0.563267328631908	0.602655648862407	0.699642463034129	-0.295860448753938	-0.652670843876581	0.123978601169088	0.13174908463498	0.118231414746797	-0.00668794961604408	0.246554133456622	-0.129736368831958	0.0525245587252306	0.0227116006733584	0.0660422163443536
MLN_CD8_T_cells_CD44hi_CD62Llo	0.0604358992006358	-0.0553989433540572	0.0865453359642314	0.245376840768351	-0.0748727561489552	0.428723722723106	-0.187124523794545	0.116689669553116	-0.358538084795105	0.490349460998086	0.053097069697369	-0.0183165708049482	0.424725600002109	0.117255067449406	0.300330523150426	0.565105789115891	-0.407167553124857	0.561499325981287	0.562702418557021	-0.605472972903214	-0.300771780889369	0.445940000072029	0.567274963304062	-0.56306333941806	-0.295860448753938	0.461742462429267	0.520139707198838	-0.351464187386646	0.163778245346123	-0.285537309179503	0.0913175779616291	0.163952256136621	0.0478193145182872	-0.404632074943079	-0.190379839835822	-0.40740419940326
MLN_CD8_T_cells_CD44lo_CD62Llo	-0.314391852928233	-0.142254995127765	-0.278974440582205	-0.0811505002015081	-0.245897885220844	0.339793135527284	-0.0854742690155783	0.269259663255573	-0.355486897544608	0.367613029453036	0.0841704587331867	0.0969614127909533	0.531801812211977	-0.21287185255843	0.432397641495142	0.437116729966973	-0.266547402382675	0.442730477812866	0.4292505028698	-0.74843304762307	-0.63597937673981	0.435842445867958	0.7641204220471	-0.785729841229224	-0.652670843876581	0.520139707198838	0.785917547242002	-0.332532320971475	0.0362828234883663	-0.281119960123639	0.0704161075488909	-0.0354788166701701	0.115918506748778	-0.326349854605918	-0.152294831530642	-0.336824739120757
MLN_Total_myeloid_CD11b_CD11c	-0.167214021151477	0.0168621633653623	-0.185184351249912	-0.300090747226632	0.00579085229580541	-0.371698778368092	0.182148415660303	-0.045145439295405	0.288245763468793	-0.431790113262068	-0.0326963265913414	0.0512098495826549	-0.306377161077113	-0.198573896147403	-0.198785482289425	-0.493353304894242	0.370808251533074	-0.487541572273286	-0.493158881852266	0.439828818654147	0.134760128061493	-0.360509705597448	-0.392145389578353	0.380587666023236	0.123978601169088	-0.351464187386646	-0.332532320971475	0.287610676359284	-0.171633004063598	0.230186823745896	-0.079792302744184	-0.194570146478147	-0.016733372619153	0.349020674617654	0.164611756193451	0.348800695708374
MLN_CD4_T_cells_CD25+	0.304871214517871	0.0395237624741636	0.309681402638262	0.352008700572163	0.0931658315318177	0.258151059137735	-0.159239382210411	-0.0607379223717907	-0.163036508672004	0.310837453909681	0.000782442895011226	-0.0936416330240938	0.111105039077346	0.297223938357237	0.0368040781659004	0.348252155296107	-0.286790026836616	0.33980219998806	0.351222752824354	-0.16556348008227	0.113537735645561	0.207451007162379	0.108502347323541	-0.0874787809494827	0.13174908463498	0.163778245346123	0.0362828234883663	-0.171633004063598	0.167923331247951	-0.131313963988106	0.0564378473854304	0.221310136190887	-0.0290226189099218	-0.239456800072704	-0.113593341959907	-0.234991651592687
MLN_Total_immune_cells_CD45+	-0.114882092044922	0.0180763921453187	-0.129810817154172	-0.224199646171402	0.0135607806311275	-0.294129044049331	0.141111839703804	-0.0442317350783531	0.231524286453018	-0.340668165491778	-0.0278984845099692	0.0351577271615987	-0.25183272443029	-0.142416037341891	-0.16665522607663	-0.389877252099356	0.290721490517915	-0.385686107968284	-0.389436498170399	0.360965789366574	0.125772295251789	-0.289240900508661	-0.32544542331276	0.317500327934854	0.118231414746797	-0.285537309179503	-0.281119960123639	0.230186823745896	-0.131313963988106	0.184787132246065	-0.0630461658551466	-0.146004035320176	-0.0169960956778831	0.276455596044665	0.13032661687086	0.27667991104417
MLN_Eosinphils	0.0740107713780156	0.00200004484422132	0.0781998712012536	0.106544126810474	0.011406141548489	0.108014910687377	-0.057340511635735	0.000716466689805462	-0.0787597037687215	0.126952307343602	0.00654859625546871	-0.0227029206577778	0.0753387437242562	0.0791607133037514	0.0441298251504007	0.144123004810768	-0.111696433531342	0.141839715153339	0.144484762696763	-0.108971361348371	-0.0112652351515705	0.0989818298121738	0.091889920463301	-0.0867809344913557	-0.00668794961604407	0.0913175779616291	0.0704161075488909	-0.079792302744184	0.0564378473854304	-0.0630461658551466	0.0233249528469055	0.0681478759945742	-0.000611161416797448	-0.101028219322594	-0.0477372190898818	-0.100383516617471
MLN_Neutrophils	0.442506071854027	0.0682325768240433	0.44516520138617	0.480750466851788	0.151264973048583	0.309818290455683	-0.204398315930535	-0.110278357149115	-0.180584383195361	0.377495382701174	-0.00796153392669074	-0.135958718155062	0.0920661217846222	0.421382475471725	0.00306613759829094	0.420229856032397	-0.356066004507067	0.408297026069631	0.425055705510158	-0.14190650712899	0.22034481975119	0.231544227620964	0.0637049996766982	-0.0331978592672208	0.246554133456622	0.163952256136621	-0.0354788166701702	-0.194570146478147	0.221310136190887	-0.146004035320175	0.0681478759945742	0.300587175607959	-0.0513305269608185	-0.286187430548878	-0.13603103062082	-0.279078037730206
MLN_Ly6C_Monocyte	-0.112408436600017	-0.0305118077973981	-0.107841059541634	-0.0855265449175137	-0.0578791263662789	-1.51945990455593e-05	0.0195020681958218	0.054842940644386	-0.0221156034777888	-0.0065400001664259	0.0130563469879937	0.0345885229657689	0.060541645846662	-0.0948845566923359	0.0602939681310965	-0.00336114722342052	0.0174392066903766	-0.000732419102533122	-0.0052106715951847	-0.083301376122502	-0.123349692539916	0.0255513255368134	0.0975631002522964	-0.105303556548368	-0.129736368831958	0.0478193145182872	0.115918506748778	-0.016733372619153	-0.0290226189099218	-0.0169960956778831	-0.00061116141679744	-0.0513305269608185	0.0242046691735501	-0.00173896954144443	-0.000429382831430266	-0.00430717654114163
MLN_CD11c_MHCII	-0.300534236066409	-0.00313968089278602	-0.319526740147617	-0.4464761963154	-0.0389628405393706	-0.468359369196272	0.245097187517393	-0.0130513019493678	0.345519191804796	-0.54929044237203	-0.0307627876514223	0.092169937361292	-0.337653381705569	-0.326042431127557	-0.20228386284001	-0.624320511880092	0.481163288770877	-0.614896633497316	-0.625553752582589	0.487614370002883	0.0712139777663327	-0.43382710112757	-0.416133814885019	0.395384376293598	0.0525245587252306	-0.404632074943079	-0.326349854605918	0.349020674617654	-0.239456800072704	0.276455596044665	-0.101028219322594	-0.286187430548878	-0.0017389695414444	0.438382544381089	0.207070627734124	0.436052748448179
MLN_CD103_CD11c_MHCII_DC	-0.143798194614209	-0.00197754862110623	-0.15269655697216	-0.212307962479966	-0.0193443429457075	-0.221260569438151	0.11610370956765	-0.00527714350850349	0.162870404554369	-0.259599386437084	-0.0143213015656706	0.0441028861436146	-0.158531941751422	-0.155564766732015	-0.0945852671386157	-0.294993270100378	0.227591624170508	-0.290498694559973	-0.295605836055235	0.229007143690297	0.031644244733061	-0.204532786850997	-0.195007556023975	0.185079794122744	0.0227116006733584	-0.190379839835822	-0.152294831530642	0.164611756193451	-0.113593341959907	0.13032661687086	-0.0477372190898819	-0.13603103062082	-0.000429382831430262	0.207070627734124	0.0978164610073186	0.205928388668389
MLN_CD103neg_CD11c_MHCII_DC	-0.28683676271569	0.000128326105522792	-0.306206804341754	-0.434804796671473	-0.0325742579763117	-0.465670748150693	0.241613770428869	-0.0188180743789523	0.345892594572315	-0.545442519535667	-0.0319770092310909	0.0879569238251393	-0.342164897814422	-0.314065188788637	-0.207545619439323	-0.620380736120884	0.476545275593139	-0.611290924526888	-0.621409897792971	0.49368982646388	0.0839441302427382	-0.434059835960314	-0.424138460316636	0.404332544485533	0.0660422163443536	-0.40740419940326	-0.336824739120757	0.348800695708374	-0.234991651592687	0.27667991104417	-0.100383516617471	-0.279078037730207	-0.0043071765411416	0.436052748448179	0.205928388668389	0.434009873710939
