item1	Blood_Total_T_cells	Blood_Total_B_cells	Blood_CD4_T_cells	Blood_CD8_T_cells	Blood_CD4_T_cells_CD44lo_CD62Lhi	Blood_CD4_T_cells_CD44hi_CD62Lhi	Blood_CD4_T_cells_CD44hi_CD62Llo	Blood_CD4_T_cells_CD44lo_CD62Llo	Blood_CD8_T_cells_CD44lo_CD62Lhi	Blood_CD8_T_cells_CD44hi_CD62Lhi	Blood_CD8_T_cells_CD44hi_CD62Llo	Blood_CD8_T_cells_CD44lo_CD62Llo	Blood_Total_myeloid_CD11b_CD11c	Blood_CD4_T_cells_CD25.	Blood_Total_immune_cells_CD45.	MLN_Total_T_cells	MLN_Total_B_cells	MLN_CD4_T_cells	MLN_CD8_T_cells	MLN_CD4_T_cells_CD44lo_CD62Lhi	MLN_CD4_T_cells_CD44hi_CD62Lhi	MLN_CD4_T_cells_CD44hi_CD62Llo	MLN_CD4_T_cells_CD44lo_CD62Llo	MLN_CD8_T_cells_CD44lo_CD62Lhi	MLN_CD8_T_cells_CD44hi_CD62Lhi	MLN_CD8_T_cells_CD44hi_CD62Llo	MLN_CD8_T_cells_CD44lo_CD62Llo	MLN_Total_myeloid_CD11b_CD11c	MLN_CD4_T_cells_CD25.	MLN_Total_immune_cells_CD45.	MLN_Eosinphils	MLN_Neutrophils	MLN_Ly6C_Monocyte	MLN_CD11c_MHCII	MLN_CD103_CD11c_MHCII_DC	MLN_CD103neg_CD11c_MHCII_DC
Blood_Total_T_cells	0.135452991397111	-0.00646730410004532	0.147148844261338	0.223118996989529	0.00592542599552758	0.258156183905174	-0.129858066617862	0.0219290728431173	-0.196392619286612	0.301012409915525	0.0204644607847006	-0.0415109537398291	0.202381268420405	0.154221449143543	0.127698875434888	0.343223170392599	-0.260532243805025	0.338735002518343	0.343406004744478	-0.291155026617653	-0.0723947782770671	0.245991157061047	0.255586690038863	-0.246229276349279	-0.063809116862922	0.235881776567604	0.211029382700924	-0.196876545366543	0.124191100354446	-0.156949172196897	0.0555226734488358	0.143955402287595	0.00746182284223027	-0.242104228919339	-0.114252953761538	-0.241510067317837
Blood_Total_B_cells	-0.00646730410004532	0.000308786257808369	-0.00702573131824225	-0.0106529829215655	-0.000282913883555679	-0.0123258595428672	0.00620017024356077	-0.00104701993839842	0.00937691208463068	-0.0143720620174707	-0.000977090943308127	0.0019819714466942	-0.00966284460407698	-0.00736341811335029	-0.00609707805012598	-0.0163874462587761	0.0124393062949379	-0.0161731553361801	-0.0163961758212711	0.0139014138999171	0.00345654268350942	-0.0117450312630728	-0.0122031771417978	0.0117564004460875	0.00304661387579107	-0.011262351351468	-0.01007575527048	0.00940001749624673	-0.00592959671268347	0.0074936552849682	-0.00265097145465325	-0.00687325804942018	-0.000356270296902406	0.011559446979934	0.00545509249137219	0.0115310782911228
Blood_CD4_T_cells	0.147148844261338	-0.00702573131824226	0.159854589729713	0.242384477456866	0.00643706409142152	0.280446992781393	-0.141070818914656	0.0238225652405653	-0.213350378248629	0.327003691616768	0.0222314894772002	-0.0450952673986645	0.219856124556887	0.167537887260459	0.138725189749609	0.372859191414361	-0.283028216455766	0.367983487240273	0.373057812820155	-0.316295160599757	-0.0786457932316543	0.267231561936655	0.277655632850067	-0.2674902419237	-0.0693187924671842	0.256249274720517	0.229250970756242	-0.213876089512996	0.13491453157446	-0.170501138869936	0.0603168460439784	0.156385406134687	0.00810612298770136	-0.263009012269204	-0.124118263657726	-0.262363547063425
Blood_CD8_T_cells	0.223118996989529	-0.0106529829215655	0.242384477456866	0.367522978297806	0.00976039798915798	0.425236447164911	-0.213903002627928	0.0361217030882864	-0.323499125264131	0.495829485115272	0.0337091851358797	-0.0683770972274515	0.33336366479384	0.254034515533873	0.210346369687711	0.565359308286168	-0.429150307583746	0.557966370676627	0.565660474150323	-0.479592342977048	-0.11924912214824	0.405198140444502	0.42100396113187	-0.405590371994402	-0.105106768085348	0.388545906982417	0.347608891600706	-0.324296251266721	0.204568341092399	-0.258527637652862	0.0914572877446664	0.237124220279991	0.0122911602844637	-0.39879556860461	-0.188198165159969	-0.397816861975768
Blood_CD4_T_cells_CD44lo_CD62Lhi	0.00592542599552759	-0.00028291388355568	0.00643706409142153	0.009760397989158	0.000259209286309073	0.0112931087548543	-0.00568067457004754	0.000959292939507551	-0.00859124571297925	0.0131678653995965	0.000895223107791079	-0.00181590736278397	0.00885322071175531	0.00674645701359223	0.0055862201956336	0.0150143859883414	-0.0113970501071441	0.0148180499287232	0.0150223841241546	-0.0127366516283934	-0.00316692822150947	0.0107609465223706	0.0111807055838815	-0.0107713631119636	-0.00279134625165082	0.0103187090689436	0.00923153469833867	-0.00861241518398435	0.00543277167128779	-0.00686578196110527	0.00242885365027043	0.00629736614978693	0.000326419362077787	-0.0105909118497062	-0.00499802488894216	-0.010564920097418
Blood_CD4_T_cells_CD44hi_CD62Lhi	0.258156183905174	-0.0123258595428672	0.280446992781393	0.425236447164911	0.0112931087548543	0.492012871779984	-0.247492968457884	0.0417940253911476	-0.374299368505898	0.573691391016037	0.0390026609775417	-0.0791146012886584	0.385712972525868	0.293926478674078	0.243377824522198	0.654139734992066	-0.496541339923426	0.645585857523633	0.654488194026311	-0.554904471441787	-0.137975245152596	0.468827876935707	0.487115743084245	-0.469281702031265	-0.121612065837644	0.449560682738561	0.402195179065622	-0.375221670101444	0.236692451099107	-0.299125172087496	0.105819157996612	0.274360698304166	0.0142212858502268	-0.461419885972739	-0.217751606950498	-0.460287489485331
Blood_CD4_T_cells_CD44hi_CD62Llo	-0.129858066617862	0.00620017024356078	-0.141070818914656	-0.213903002627928	-0.00568067457004753	-0.247492968457884	0.124494241816271	-0.0210232861803761	0.188280565645162	-0.288579005723216	-0.0196191703443986	0.0397963318529761	-0.19402185190356	-0.147851287817426	-0.122424236646305	-0.329046238594822	0.249770884519984	-0.324743455785851	-0.329221520921196	0.279128784478415	0.0694044911324807	-0.235830421547411	-0.245029608274961	0.236058705249937	0.0611734629331268	-0.226138611923701	-0.202312753335675	0.188744503019137	-0.119061351224742	0.1504663414853	-0.0532292934482548	-0.138009282980386	-0.00715361010297846	0.232104044090859	0.109533702636041	0.231534424505246
Blood_CD4_T_cells_CD44lo_CD62Llo	0.0219290728431173	-0.00104701993839842	0.0238225652405653	0.0361217030882863	0.000959292939507549	0.0417940253911475	-0.0210232861803761	0.00355019280710401	-0.0317948537700481	0.0487322058792171	0.00331308040238961	-0.0067203885197282	0.0327643821778911	0.0249675799504861	0.0206737253456888	0.0555658891498317	-0.0421786960439403	0.0548392801673977	0.0555954889968283	-0.0471363513015369	-0.0117203049554282	0.0398245763811862	0.041378038873736	-0.0398631265465473	-0.0103303349546538	0.0381879248834754	0.0341644629443404	-0.0318731986640812	0.0201058364089967	-0.0254091828779363	0.00898880665495666	0.023305565055186	0.00120802689524946	-0.039195304709322	-0.0184969067108511	-0.0390991133081168
Blood_CD8_T_cells_CD44lo_CD62Lhi	-0.196392619286612	0.00937691208463069	-0.213350378248629	-0.323499125264131	-0.00859124571297924	-0.374299368505898	0.188280565645162	-0.0317948537700481	0.28474868301121	-0.436436397685538	-0.0296713200228461	0.0601865255980188	-0.293431595638264	-0.223604912930136	-0.185149965075983	-0.497637569595199	0.377744405950258	-0.491130197291852	-0.497902660213655	0.422144226614133	0.104964829361532	-0.356661356521313	-0.370573872114562	0.357006604494328	0.0925165215313367	-0.342003815967989	-0.305970453569144	0.285450325030323	-0.180064059413725	0.227559825033673	-0.0805020483928913	-0.208720222596145	-0.0108188598680851	0.351025718719186	0.165654790042084	0.350164246765004
Blood_CD8_T_cells_CD44hi_CD62Lhi	0.301012409915525	-0.0143720620174707	0.327003691616768	0.495829485115272	0.0131678653995965	0.573691391016037	-0.288579005723216	0.0487322058792171	-0.436436397685538	0.668929271982728	0.0454774501093511	-0.0922483298023669	0.449744761637551	0.342720892233855	0.283780711239264	0.762732757638653	-0.578971625207847	0.752758860318259	0.763139063976423	-0.647023556417876	-0.160880364838845	0.546657480511232	0.567981295336469	-0.547186644615021	-0.141800752005387	0.524191760458119	0.468963161275342	-0.43751180956119	0.275985506279119	-0.348782615060374	0.123386080790116	0.319907018043693	0.0165821459750379	-0.538019697062996	-0.253900313289509	-0.536699312672052
Blood_CD8_T_cells_CD44hi_CD62Llo	0.0204644607847006	-0.000977090943308128	0.0222314894772002	0.0337091851358797	0.000895223107791077	0.0390026609775416	-0.0196191703443986	0.00331308040238961	-0.0296713200228461	0.0454774501093511	0.00309180440305492	-0.00627154318396524	0.0305760949863798	0.0233000302585052	0.0192929561882187	0.0518547212464867	-0.0393616400162552	0.0511766414602044	0.0518823441611639	-0.0439881804235481	-0.0109375222044726	0.0371647487082835	0.038614457616942	-0.0372007241620985	-0.00964038635307316	0.0356374068715931	0.0318826663195771	-0.0297444323711471	0.0187629957581475	-0.0237121391449988	0.00838845684938984	0.0217490190100232	0.00112734447103884	-0.0365775052099415	-0.0172615242208602	-0.0364877382976843
Blood_CD8_T_cells_CD44lo_CD62Llo	-0.0415109537398291	0.0019819714466942	-0.0450952673986645	-0.0683770972274516	-0.00181590736278396	-0.0791146012886584	0.0397963318529761	-0.0067203885197282	0.0601865255980188	-0.0922483298023669	-0.00627154318396525	0.0127214560757718	-0.0620218083377565	-0.0472627394571042	-0.0391346256448856	-0.105184248805808	0.079842769131749	-0.103808803885152	-0.105240280261774	0.0892274339339687	0.0221861197827236	-0.0753865044680436	-0.0783271536293706	0.0754594785578472	0.0195549560844369	-0.0722883814832855	-0.0646721113553025	0.0603348296916405	-0.0380596321169314	0.0480986780680935	-0.0170154908007106	-0.0441166044641987	-0.00228675188066189	0.0741953156089697	0.0350139855112509	0.0740132287129953
Blood_Total_myeloid_CD11b_CD11c	0.202381268420405	-0.00966284460407699	0.219856124556887	0.33336366479384	0.00885322071175529	0.385712972525868	-0.19402185190356	0.0327643821778911	-0.293431595638264	0.449744761637551	0.0305760949863798	-0.0620218083377564	0.302379278486172	0.230423353322627	0.190795789150236	0.512812156150053	-0.38926306035645	0.506106352919672	0.513085330242869	-0.43501677582821	-0.108165548088732	0.367537120241699	0.381873873643675	-0.367892895947284	-0.0953376509024035	0.352432623647679	0.315300486939996	-0.294154633002503	0.185554797697844	-0.234498863547565	0.0829568174373078	0.215084780413011	0.0111487620610136	-0.361729633530154	-0.170706142880585	-0.360841892496763
Blood_CD4_T_cells_CD25+	0.154221449143543	-0.0073634181133503	0.167537887260459	0.254034515533873	0.00674645701359222	0.293926478674078	-0.147851287817426	0.0249675799504861	-0.223604912930136	0.342720892233855	0.0233000302585052	-0.0472627394571042	0.230423353322627	0.175590477040153	0.145392917649431	0.390780404121196	-0.29663176703447	0.38567035268248	0.390988572124052	-0.331497663265037	-0.0824258475295137	0.280075857514511	0.291000954006512	-0.280346970771749	-0.0726505510854257	0.268565714448926	0.24026975614433	-0.224155892133737	0.141399102890558	-0.178696155237523	0.0632159324890763	0.163901959815323	0.00849573804248734	-0.275650353990757	-0.13008392001013	-0.274973864957447
Blood_Total_immune_cells_CD45+	0.127698875434888	-0.00609707805012599	0.138725189749609	0.210346369687711	0.00558622019563359	0.243377824522198	-0.122424236646305	0.0206737253456888	-0.185149965075983	0.283780711239264	0.0192929561882187	-0.0391346256448856	0.190795789150236	0.145392917649431	0.120388650107604	0.323575082619155	-0.245617864952811	0.319343843542086	0.323747450470799	-0.274487621814768	-0.0682504806869605	0.231909194471231	0.240955423408865	-0.232133682428367	-0.0601563123991833	0.222378533634282	0.198948835139579	-0.185606188416371	0.117081680446538	-0.147964489992119	0.0523442331352314	0.135714558942512	0.00703466476316957	-0.228244776672313	-0.1077124510871	-0.227684628331875
MLN_Total_T_cells	0.343223170392599	-0.0163874462587761	0.372859191414361	0.565359308286168	0.0150143859883413	0.654139734992066	-0.329046238594822	0.0555658891498317	-0.497637569595199	0.762732757638653	0.0518547212464868	-0.105184248805808	0.512812156150053	0.390780404121196	0.323575082619155	0.869690240719629	-0.660160412744976	0.858317710728467	0.870153523112003	-0.737755218845496	-0.183440506288104	0.62331487805619	0.647628916574524	-0.623918246473497	-0.161685372642948	0.597698805735631	0.534725538576399	-0.498863785728755	0.314686761499663	-0.397692158115469	0.140688424915723	0.364767356251566	0.0189074487495801	-0.613465824254389	-0.289504577287545	-0.611960283280433
MLN_Total_B_cells	-0.260532243805025	0.0124393062949379	-0.283028216455766	-0.429150307583746	-0.0113970501071441	-0.496541339923426	0.249770884519984	-0.0421786960439403	0.377744405950258	-0.578971625207847	-0.0393616400162552	0.0798427691317489	-0.38926306035645	-0.29663176703447	-0.245617864952811	-0.660160412744976	0.501111487918966	-0.651527805706972	-0.660512078983192	0.560011791525684	0.139245164169139	-0.473142951250288	-0.491599138237599	0.473600953335119	0.122731378761331	-0.453698422515491	-0.405896968511202	0.378675196375333	-0.238870959601776	0.301878309028405	-0.106793113584847	-0.276885903950897	-0.0143521780354222	0.465666777414458	0.219755784629206	0.464523958391965
MLN_CD4_T_cells	0.338735002518343	-0.0161731553361802	0.367983487240273	0.557966370676627	0.0148180499287231	0.645585857523633	-0.324743455785851	0.0548392801673978	-0.491130197291852	0.752758860318259	0.0511766414602044	-0.103808803885152	0.506106352919672	0.38567035268248	0.319343843542086	0.858317710728468	-0.651527805706972	0.84709389395995	0.858774934995022	-0.728107941045168	-0.181041741116692	0.615164082735358	0.639160178014467	-0.615759561187824	-0.159571089115985	0.589882979737301	0.527733184356731	-0.492340378774101	0.310571750814922	-0.392491724922524	0.138848708592771	0.359997465197787	0.0186602049403556	-0.605443820375039	-0.285718862174706	-0.603957966651873
MLN_CD8_T_cells	0.343406004744478	-0.0163961758212711	0.373057812820155	0.565660474150323	0.0150223841241545	0.654488194026311	-0.329221520921196	0.0555954889968283	-0.497902660213655	0.763139063976423	0.0518823441611639	-0.105240280261774	0.513085330242869	0.390988572124052	0.323747450470799	0.870153523112003	-0.660512078983192	0.858774934995022	0.870617052294055	-0.738148219694269	-0.183538224708563	0.623646916745815	0.647973907307768	-0.624250606576369	-0.161771502143709	0.598017198790623	0.535010385887747	-0.49912952955029	0.314854394558987	-0.397904007996971	0.14076336938103	0.364961667151645	0.0189175207127692	-0.61379261637116	-0.289658795843635	-0.612286273398295
MLN_CD4_T_cells_CD44lo_CD62Lhi	-0.291155026617653	0.0139014138999172	-0.316295160599757	-0.479592342977048	-0.0127366516283934	-0.554904471441787	0.279128784478415	-0.0471363513015369	0.422144226614133	-0.647023556417876	-0.0439881804235481	0.0892274339339686	-0.43501677582821	-0.331497663265037	-0.274487621814768	-0.737755218845496	0.560011791525684	-0.728107941045168	-0.738148219694269	0.625835196774654	0.155611946099023	-0.528755852071526	-0.549381366729789	0.529267687410033	0.137157141581365	-0.507025826648706	-0.453605822238822	0.423184421512968	-0.266947689795692	0.337360880238049	-0.11934550355175	-0.309430884858949	-0.0160391232843021	0.520400933845749	0.245585730152399	0.519123788652303
MLN_CD4_T_cells_CD44hi_CD62Lhi	-0.0723947782770671	0.00345654268350943	-0.0786457932316544	-0.11924912214824	-0.00316692822150947	-0.137975245152596	0.0694044911324807	-0.0117203049554282	0.104964829361532	-0.160880364838845	-0.0109375222044726	0.0221861197827236	-0.108165548088732	-0.0824258475295137	-0.0682504806869605	-0.183440506288104	0.139245164169139	-0.181041741116692	-0.183538224708563	0.155611946099023	0.0386924191760412	-0.131473473489738	-0.136601942600787	0.131600739730943	0.0341036902891555	-0.126070371263699	-0.112787655798539	0.105223470539535	-0.0663757003917812	0.0838837179213892	-0.0296748827192325	-0.0769390127372168	-0.00398807737381235	0.129396049446935	0.061064116559946	0.12907849132616
MLN_CD4_T_cells_CD44hi_CD62Llo	0.245991157061047	-0.0117450312630728	0.267231561936655	0.405198140444502	0.0107609465223706	0.468827876935707	-0.235830421547411	0.0398245763811863	-0.356661356521313	0.546657480511232	0.0371647487082835	-0.0753865044680436	0.367537120241699	0.280075857514511	0.231909194471231	0.62331487805619	-0.473142951250288	0.615164082735358	0.623646916745815	-0.528755852071526	-0.131473473489738	0.44673542258531	0.464161514364342	-0.447167862198689	-0.115881372026226	0.428376151379097	0.383242640040995	-0.357540196738176	0.225538854164623	-0.285029574247643	0.100832669281995	0.261432070334249	0.0135511398885498	-0.439676516457584	-0.207490554498322	-0.438597481595915
MLN_CD4_T_cells_CD44lo_CD62Llo	0.255586690038863	-0.0122031771417978	0.277655632850067	0.42100396113187	0.0111807055838815	0.487115743084245	-0.245029608274961	0.041378038873736	-0.370573872114562	0.567981295336469	0.038614457616942	-0.0783271536293706	0.381873873643675	0.291000954006512	0.240955423408865	0.647628916574524	-0.491599138237599	0.639160178014467	0.647973907307768	-0.549381366729789	-0.136601942600787	0.464161514364342	0.48226735675042	-0.46461082242381	-0.120401630152888	0.445086091429699	0.398192028608268	-0.371486993808791	0.234336591200261	-0.296147903508022	0.104765913122531	0.271629916802887	0.0140797377911781	-0.45682725701121	-0.215584270069488	-0.455706131552777
MLN_CD8_T_cells_CD44lo_CD62Lhi	-0.246229276349279	0.0117564004460876	-0.2674902419237	-0.405590371994402	-0.0107713631119636	-0.469281702031265	0.236058705249937	-0.0398631265465473	0.357006604494328	-0.547186644615021	-0.0372007241620986	0.0754594785578472	-0.367892895947284	-0.280346970771749	-0.232133682428367	-0.623918246473497	0.473600953335119	-0.615759561187824	-0.624250606576369	0.529267687410033	0.131600739730942	-0.447167862198689	-0.46461082242381	0.447600720413347	0.115993545122836	-0.428790819229278	-0.383613618680053	0.357886295427979	-0.225757175636273	0.285305482699622	-0.100930275243636	-0.261685136417001	-0.0135642573835994	0.440102123054188	0.207691405227033	0.439022043687439
MLN_CD8_T_cells_CD44hi_CD62Lhi	-0.063809116862922	0.00304661387579107	-0.0693187924671842	-0.105106768085348	-0.00279134625165082	-0.121612065837644	0.0611734629331268	-0.0103303349546539	0.0925165215313367	-0.141800752005387	-0.00964038635307317	0.0195549560844369	-0.0953376509024035	-0.0726505510854257	-0.0601563123991833	-0.161685372642948	0.122731378761331	-0.159571089115985	-0.161771502143709	0.137157141581365	0.0341036902891555	-0.115881372026226	-0.120401630152888	0.115993545122836	0.0300591618747586	-0.11111905090903	-0.0994115995769791	0.0927444891492448	-0.0585038717426271	0.0739355252841193	-0.0261555889028095	-0.0678144276687714	-0.00351511118978837	0.11405032016481	0.0538222153922803	0.113770422861143
MLN_CD8_T_cells_CD44hi_CD62Llo	0.235881776567604	-0.0112623513514681	0.256249274720517	0.388545906982417	0.0103187090689436	0.449560682738561	-0.226138611923701	0.0381879248834754	-0.342003815967989	0.524191760458119	0.0356374068715931	-0.0722883814832855	0.352432623647679	0.268565714448926	0.222378533634282	0.597698805735631	-0.453698422515491	0.589882979737301	0.598017198790623	-0.507025826648706	-0.126070371263699	0.428376151379097	0.445086091429699	-0.428790819229278	-0.11111905090903	0.41077138232826	0.367492701239233	-0.342846538910348	0.216269992145166	-0.273315850663513	0.0966887974773343	0.250688122040443	0.012994235197788	-0.421607341727868	-0.198963414786148	-0.420572651443917
MLN_CD8_T_cells_CD44lo_CD62Llo	0.211029382700924	-0.01007575527048	0.229250970756242	0.347608891600706	0.00923153469833865	0.402195179065622	-0.202312753335675	0.0341644629443404	-0.305970453569144	0.468963161275342	0.0318826663195771	-0.0646721113553024	0.315300486939996	0.24026975614433	0.198948835139579	0.534725538576399	-0.405896968511202	0.527733184356731	0.535010385887747	-0.453605822238822	-0.112787655798539	0.383242640040995	0.398192028608268	-0.383613618680053	-0.0994115995769791	0.367492701239233	0.328773841786731	-0.306724387615689	0.193483886730215	-0.24451942022477	0.0865017109106293	0.224275738526527	0.0116251686432161	-0.377186989014856	-0.178000722282822	-0.376261313216216
MLN_Total_myeloid_CD11b_CD11c	-0.196876545366543	0.00940001749624674	-0.213876089512996	-0.324296251266721	-0.00861241518398434	-0.375221670101444	0.188744503019137	-0.0318731986640813	0.285450325030323	-0.43751180956119	-0.0297444323711471	0.0603348296916405	-0.294154633002503	-0.224155892133737	-0.185606188416371	-0.498863785728755	0.378675196375333	-0.492340378774101	-0.49912952955029	0.423184421512968	0.105223470539535	-0.357540196738176	-0.371486993808791	0.357886295427979	0.0927444891492448	-0.342846538910348	-0.306724387615689	0.286153695947767	-0.180507750702762	0.228120549436037	-0.0807004114517815	-0.209234524811218	-0.0108455183467199	0.351890672303652	0.166062975815348	0.351027077618243
MLN_CD4_T_cells_CD25+	0.124191100354446	-0.00592959671268348	0.13491453157446	0.204568341092399	0.00543277167128778	0.236692451099107	-0.119061351224742	0.0201058364089967	-0.180064059413726	0.275985506279119	0.0187629957581475	-0.0380596321169313	0.185554797697844	0.141399102890558	0.117081680446538	0.314686761499663	-0.238870959601776	0.310571750814922	0.314854394558987	-0.266947689795692	-0.0663757003917812	0.225538854164623	0.234336591200261	-0.225757175636273	-0.0585038717426271	0.216269992145166	0.193483886730215	-0.180507750702762	0.113865550315024	-0.14390003641712	0.050906383381494	0.13198660013089	0.00684142874858862	-0.221975094679222	-0.104753685393276	-0.221430333117902
MLN_Total_immune_cells_CD45+	-0.156949172196897	0.00749365528496821	-0.170501138869936	-0.258527637652862	-0.00686578196110525	-0.299125172087496	0.1504663414853	-0.0254091828779363	0.227559825033673	-0.348782615060374	-0.0237121391449988	0.0480986780680935	-0.234498863547565	-0.178696155237523	-0.147964489992119	-0.397692158115469	0.301878309028405	-0.392491724922524	-0.397904007996971	0.337360880238049	0.0838837179213892	-0.285029574247643	-0.296147903508022	0.285305482699622	0.0739355252841193	-0.273315850663513	-0.24451942022477	0.228120549436037	-0.14390003641712	0.181856763731957	-0.0643340360819768	-0.166800902580814	-0.00864600261750232	0.280525796605396	0.132384721289413	0.279837342474224
MLN_Eosinphils	0.0555226734488358	-0.00265097145465326	0.0603168460439784	0.0914572877446664	0.00242885365027042	0.105819157996612	-0.0532292934482548	0.00898880665495666	-0.0805020483928913	0.123386080790116	0.00838845684938984	-0.0170154908007106	0.0829568174373078	0.0632159324890763	0.0523442331352314	0.140688424915723	-0.106793113584847	0.138848708592771	0.14076336938103	-0.11934550355175	-0.0296748827192325	0.100832669281995	0.104765913122531	-0.100930275243636	-0.0261555889028095	0.0966887974773343	0.0865017109106293	-0.0807004114517815	0.050906383381494	-0.0643340360819768	0.022758945632055	0.0590078425730538	0.00305862830144224	-0.0992394033104934	-0.0468327009749754	-0.0989958543106833
MLN_Neutrophils	0.143955402287595	-0.00687325804942019	0.156385406134687	0.237124220279991	0.00629736614978692	0.274360698304166	-0.138009282980386	0.023305565055186	-0.208720222596145	0.319907018043693	0.0217490190100232	-0.0441166044641986	0.215084780413011	0.163901959815323	0.135714558942512	0.364767356251566	-0.276885903950897	0.359997465197787	0.364961667151645	-0.309430884858949	-0.0769390127372168	0.261432070334249	0.271629916802887	-0.261685136417001	-0.0678144276687714	0.250688122040443	0.224275738526527	-0.209234524811218	0.13198660013089	-0.166800902580814	0.0590078425730538	0.152991511180647	0.0079302029285042	-0.257301158949191	-0.121424634123207	-0.256669701707192
MLN_Ly6C_Monocyte	0.00746182284223029	-0.000356270296902407	0.00810612298770138	0.0122911602844637	0.000326419362077787	0.0142212858502268	-0.00715361010297848	0.00120802689524947	-0.0108188598680851	0.016582145975038	0.00112734447103884	-0.00228675188066189	0.0111487620610137	0.00849573804248736	0.00703466476316958	0.0189074487495802	-0.0143521780354222	0.0186602049403556	0.0189175207127692	-0.0160391232843021	-0.00398807737381235	0.0135511398885498	0.0140797377911781	-0.0135642573835994	-0.00351511118978838	0.012994235197788	0.0116251686432161	-0.0108455183467199	0.00684142874858863	-0.00864600261750234	0.00305862830144225	0.00793020292850422	0.000411056260585599	-0.013337017122454	-0.00629395697634116	-0.0133042859988048
MLN_CD11c_MHCII	-0.242104228919339	0.011559446979934	-0.263009012269204	-0.39879556860461	-0.0105909118497062	-0.461419885972739	0.232104044090859	-0.039195304709322	0.351025718719186	-0.538019697062996	-0.0365775052099415	0.0741953156089697	-0.361729633530154	-0.275650353990757	-0.228244776672313	-0.613465824254389	0.465666777414458	-0.605443820375039	-0.61379261637116	0.520400933845749	0.129396049446935	-0.439676516457584	-0.45682725701121	0.440102123054188	0.11405032016481	-0.421607341727868	-0.377186989014856	0.351890672303652	-0.221975094679222	0.280525796605396	-0.0992394033104934	-0.257301158949191	-0.0133370171224539	0.43272914873313	0.20421197780047	0.431667163797238
MLN_CD103_CD11c_MHCII_DC	-0.114252953761538	0.0054550924913722	-0.124118263657726	-0.188198165159969	-0.00499802488894215	-0.217751606950498	0.109533702636041	-0.0184969067108511	0.165654790042084	-0.253900313289509	-0.0172615242208602	0.0350139855112509	-0.170706142880585	-0.13008392001013	-0.1077124510871	-0.289504577287545	0.219755784629207	-0.285718862174706	-0.289658795843635	0.245585730152399	0.061064116559946	-0.207490554498322	-0.215584270069488	0.207691405227033	0.0538222153922803	-0.198963414786148	-0.178000722282822	0.166062975815348	-0.104753685393276	0.132384721289413	-0.0468327009749754	-0.121424634123207	-0.00629395697634114	0.20421197780047	0.0963709793973183	0.203710809703087
MLN_CD103neg_CD11c_MHCII_DC	-0.241510067317837	0.0115310782911228	-0.262363547063425	-0.397816861975768	-0.010564920097418	-0.460287489485331	0.231534424505246	-0.0390991133081168	0.350164246765004	-0.536699312672052	-0.0364877382976843	0.0740132287129953	-0.360841892496763	-0.274973864957447	-0.227684628331875	-0.611960283280433	0.464523958391965	-0.603957966651873	-0.612286273398295	0.519123788652303	0.12907849132616	-0.438597481595915	-0.455706131552777	0.439022043687439	0.113770422861143	-0.420572651443917	-0.376261313216216	0.351027077618243	-0.221430333117902	0.279837342474224	-0.0989958543106833	-0.256669701707192	-0.0133042859988048	0.431667163797238	0.203710809703087	0.430607785138292
